1.322837560885989028e+00
9.564746516941116994e+00
1.307799038105311173e-01
1.023319238064967749e+02
1.322741008736503687e+00
9.564815188074517138e+00
1.307538354440145878e-01
1.023321476813915325e+02
1.322741008736497914e+00
9.564815188074522467e+00
1.307538354440124229e-01
1.023321476813915609e+02
1.322741008736497914e+00
9.564815188074522467e+00
1.307538354440124229e-01
1.023321476813915609e+02
8.949340745451111445e+01
2.811399770032915486e-03
2.809861524236697324e-03
2.809861524236537730e-03
8.827199685275208389e-08
2.809861504610462225e-03
2.809861524236537730e-03
2.809861524236537730e-03
